------------------------------------------------------------------------------------------- benchmark 'num_rowgroups_all_columns': 9 tests ------------------------------------------------------------------------------------------
Name (time in s)                                                           Min                Max               Mean            StdDev             Median               IQR            Outliers     OPS            Rounds  Iterations
-------------------------------------------------------------------------------------------------------------------------------------------------------------------------------------------------------------------------------------
test_read_parquet_num_rowgroups_all_columns[pyarrow-64RG]               2.2365 (1.0)       2.4184 (1.0)       2.3209 (1.0)      0.0672 (1.50)      2.3273 (1.0)      0.0820 (1.33)          2;0  0.4309 (1.0)           5           1
test_read_parquet_num_rowgroups_all_columns[pyarrow-8RG]                3.1842 (1.42)      3.2953 (1.36)      3.2247 (1.39)     0.0449 (1.0)       3.2228 (1.38)     0.0617 (1.0)           1;0  0.3101 (0.72)          5           1
test_read_parquet_num_rowgroups_all_columns[daft_native_read-1RG]       3.7070 (1.66)      4.8355 (2.00)      3.9616 (1.71)     0.4895 (10.91)     3.7596 (1.62)     0.3315 (5.37)          1;1  0.2524 (0.59)          5           1
test_read_parquet_num_rowgroups_all_columns[daft_native_read-8RG]       3.7865 (1.69)      4.1190 (1.70)      3.9208 (1.69)     0.1227 (2.73)      3.8965 (1.67)     0.1244 (2.01)          2;0  0.2551 (0.59)          5           1
test_read_parquet_num_rowgroups_all_columns[daft_native_read-64RG]      4.0902 (1.83)      4.3527 (1.80)      4.2052 (1.81)     0.1013 (2.26)      4.2177 (1.81)     0.1400 (2.27)          2;0  0.2378 (0.55)          5           1
test_read_parquet_num_rowgroups_all_columns[pyarrow-1RG]                5.6023 (2.50)      5.8555 (2.42)      5.7359 (2.47)     0.0926 (2.06)      5.7364 (2.46)     0.1116 (1.81)          2;0  0.1743 (0.40)          5           1
test_read_parquet_num_rowgroups_all_columns[boto3_get_object-64RG]      9.5208 (4.26)      9.6982 (4.01)      9.5957 (4.13)     0.0657 (1.46)      9.5813 (4.12)     0.0752 (1.22)          2;0  0.1042 (0.24)          5           1
test_read_parquet_num_rowgroups_all_columns[boto3_get_object-8RG]      10.0923 (4.51)     10.3426 (4.28)     10.2012 (4.40)     0.0911 (2.03)     10.2024 (4.38)     0.0926 (1.50)          2;0  0.0980 (0.23)          5           1
test_read_parquet_num_rowgroups_all_columns[boto3_get_object-1RG]      10.3299 (4.62)     10.4582 (4.32)     10.3820 (4.47)     0.0534 (1.19)     10.3641 (4.45)     0.0854 (1.38)          1;0  0.0963 (0.22)          5           1
-------------------------------------------------------------------------------------------------------------------------------------------------------------------------------------------------------------------------------------

-------------------------------------------------------------------------------------------------- benchmark 'num_rowgroups_multi_contiguous_columns': 9 tests --------------------------------------------------------------------------------------------------
Name (time in ms)                                                                          Min                   Max                  Mean             StdDev                Median                 IQR            Outliers     OPS            Rounds  Iterations
-----------------------------------------------------------------------------------------------------------------------------------------------------------------------------------------------------------------------------------------------------------------
test_read_parquet_num_rowgroups_multi_contiguous_columns[daft_native_read-8RG]        658.3527 (1.0)        684.7366 (1.0)        668.9840 (1.0)      10.5968 (1.26)       666.7655 (1.0)       16.0151 (1.48)          2;0  1.4948 (1.0)           5           1
test_read_parquet_num_rowgroups_multi_contiguous_columns[pyarrow-64RG]                669.7570 (1.02)       804.7882 (1.18)       727.4199 (1.09)     48.9320 (5.81)       720.0455 (1.08)      46.1324 (4.28)          2;0  1.3747 (0.92)          5           1
test_read_parquet_num_rowgroups_multi_contiguous_columns[daft_native_read-64RG]       776.4468 (1.18)       828.3962 (1.21)       796.2183 (1.19)     23.1752 (2.75)       783.1156 (1.17)      37.8645 (3.51)          1;0  1.2559 (0.84)          5           1
test_read_parquet_num_rowgroups_multi_contiguous_columns[daft_native_read-1RG]        837.6950 (1.27)       878.7677 (1.28)       859.8651 (1.29)     18.0395 (2.14)       866.1755 (1.30)      31.7036 (2.94)          2;0  1.1630 (0.78)          5           1
test_read_parquet_num_rowgroups_multi_contiguous_columns[pyarrow-8RG]                 891.9038 (1.35)     1,045.6068 (1.53)       961.0466 (1.44)     62.3688 (7.41)       953.2875 (1.43)     101.5218 (9.41)          2;0  1.0405 (0.70)          5           1
test_read_parquet_num_rowgroups_multi_contiguous_columns[pyarrow-1RG]               1,647.3431 (2.50)     1,866.2112 (2.73)     1,716.3568 (2.57)     87.6766 (10.42)    1,677.8469 (2.52)      90.6947 (8.41)          1;0  0.5826 (0.39)          5           1
test_read_parquet_num_rowgroups_multi_contiguous_columns[boto3_get_object-1RG]      7,802.4798 (11.85)    7,822.2652 (11.42)    7,815.6659 (11.68)     8.4171 (1.0)      7,819.7191 (11.73)     12.1659 (1.13)          1;0  0.1279 (0.09)          5           1
test_read_parquet_num_rowgroups_multi_contiguous_columns[boto3_get_object-8RG]      7,818.9850 (11.88)    7,859.4518 (11.48)    7,841.7111 (11.72)    18.7105 (2.22)     7,845.6241 (11.77)     35.0645 (3.25)          1;0  0.1275 (0.09)          5           1
test_read_parquet_num_rowgroups_multi_contiguous_columns[boto3_get_object-64RG]     8,481.0998 (12.88)    8,511.4762 (12.43)    8,497.4418 (12.70)    10.9228 (1.30)     8,499.4659 (12.75)     10.7885 (1.0)           2;0  0.1177 (0.08)          5           1
-----------------------------------------------------------------------------------------------------------------------------------------------------------------------------------------------------------------------------------------------------------------

-------------------------------------------------------------------------------------------------- benchmark 'num_rowgroups_multi_sparse_columns': 9 tests --------------------------------------------------------------------------------------------------
Name (time in ms)                                                                      Min                   Max                  Mean             StdDev                Median                 IQR            Outliers     OPS            Rounds  Iterations
-------------------------------------------------------------------------------------------------------------------------------------------------------------------------------------------------------------------------------------------------------------
test_read_parquet_num_rowgroups_multi_sparse_columns[daft_native_read-8RG]        377.1963 (1.0)        521.2669 (1.0)        424.5702 (1.0)      57.2275 (11.82)      411.7079 (1.0)       63.5806 (7.24)          1;0  2.3553 (1.0)           5           1
test_read_parquet_num_rowgroups_multi_sparse_columns[pyarrow-8RG]                 477.4204 (1.27)       642.2302 (1.23)       546.4670 (1.29)     74.9102 (15.47)      528.5178 (1.28)     136.9416 (15.59)         1;0  1.8299 (0.78)          5           1
test_read_parquet_num_rowgroups_multi_sparse_columns[daft_native_read-64RG]       501.3377 (1.33)       524.6396 (1.01)       515.1400 (1.21)      8.9715 (1.85)       518.6009 (1.26)      11.5248 (1.31)          2;0  1.9412 (0.82)          5           1
test_read_parquet_num_rowgroups_multi_sparse_columns[daft_native_read-1RG]        533.3553 (1.41)       600.9430 (1.15)       561.5886 (1.32)     30.3623 (6.27)       545.6015 (1.33)      51.6596 (5.88)          1;0  1.7807 (0.76)          5           1
test_read_parquet_num_rowgroups_multi_sparse_columns[pyarrow-64RG]                564.1690 (1.50)       733.8519 (1.41)       641.6987 (1.51)     75.0685 (15.50)      607.9749 (1.48)     129.3581 (14.73)         2;0  1.5584 (0.66)          5           1
test_read_parquet_num_rowgroups_multi_sparse_columns[pyarrow-1RG]                 791.7129 (2.10)       876.1618 (1.68)       822.9360 (1.94)     36.9522 (7.63)       804.2088 (1.95)      59.3241 (6.76)          1;0  1.2152 (0.52)          5           1
test_read_parquet_num_rowgroups_multi_sparse_columns[boto3_get_object-1RG]      7,547.1281 (20.01)    7,566.9784 (14.52)    7,556.8890 (17.80)     7.2500 (1.50)     7,556.4387 (18.35)      8.7822 (1.0)           2;0  0.1323 (0.06)          5           1
test_read_parquet_num_rowgroups_multi_sparse_columns[boto3_get_object-8RG]      7,662.5199 (20.31)    7,673.3802 (14.72)    7,667.6506 (18.06)     4.8419 (1.0)      7,666.6144 (18.62)      8.8499 (1.01)          2;0  0.1304 (0.06)          5           1
test_read_parquet_num_rowgroups_multi_sparse_columns[boto3_get_object-64RG]     8,201.0791 (21.74)    8,236.0502 (15.80)    8,216.7332 (19.35)    13.6161 (2.81)     8,212.8461 (19.95)     19.7790 (2.25)          2;0  0.1217 (0.05)          5           1
-------------------------------------------------------------------------------------------------------------------------------------------------------------------------------------------------------------------------------------------------------------

-------------------------------------------------------------------------------------------------- benchmark 'num_rowgroups_single_column': 9 tests --------------------------------------------------------------------------------------------------
Name (time in ms)                                                               Min                   Max                  Mean             StdDev                Median                 IQR            Outliers     OPS            Rounds  Iterations
------------------------------------------------------------------------------------------------------------------------------------------------------------------------------------------------------------------------------------------------------
test_read_parquet_num_rowgroups_single_column[daft_native_read-8RG]        239.8984 (1.0)        390.3993 (1.0)        293.0223 (1.0)      63.2134 (10.22)      256.6167 (1.0)       88.7478 (10.38)         1;0  3.4127 (1.0)           5           1
test_read_parquet_num_rowgroups_single_column[daft_native_read-64RG]       276.2848 (1.15)       411.5587 (1.05)       345.0259 (1.18)     62.0464 (10.03)      342.2653 (1.33)     117.5172 (13.74)         2;0  2.8983 (0.85)          5           1
test_read_parquet_num_rowgroups_single_column[pyarrow-64RG]                416.3861 (1.74)       624.8273 (1.60)       515.0435 (1.76)     79.0722 (12.78)      531.6257 (2.07)     105.8285 (12.38)         2;0  1.9416 (0.57)          5           1
test_read_parquet_num_rowgroups_single_column[daft_native_read-1RG]        436.9625 (1.82)       647.5446 (1.66)       535.0765 (1.83)     91.6069 (14.81)      509.3222 (1.98)     161.6595 (18.91)         2;0  1.8689 (0.55)          5           1
test_read_parquet_num_rowgroups_single_column[pyarrow-8RG]                 456.8119 (1.90)       662.2272 (1.70)       553.2629 (1.89)     89.6403 (14.49)      549.9007 (2.14)     162.1528 (18.96)         2;0  1.8075 (0.53)          5           1
test_read_parquet_num_rowgroups_single_column[pyarrow-1RG]                 816.2244 (3.40)       921.1605 (2.36)       848.2221 (2.89)     42.9974 (6.95)       828.9649 (3.23)      48.6165 (5.69)          1;0  1.1789 (0.35)          5           1
test_read_parquet_num_rowgroups_single_column[boto3_get_object-1RG]      7,554.2558 (31.49)    7,602.7221 (19.47)    7,566.7198 (25.82)    20.4430 (3.31)     7,557.1745 (29.45)     18.0356 (2.11)          1;1  0.1322 (0.04)          5           1
test_read_parquet_num_rowgroups_single_column[boto3_get_object-8RG]      7,652.6047 (31.90)    7,667.5459 (19.64)    7,657.5933 (26.13)     6.1853 (1.0)      7,655.5202 (29.83)      8.5509 (1.0)           1;0  0.1306 (0.04)          5           1
test_read_parquet_num_rowgroups_single_column[boto3_get_object-64RG]     8,173.1100 (34.07)    8,197.7370 (21.00)    8,189.1033 (27.95)     9.9902 (1.62)     8,188.7497 (31.91)     12.7819 (1.49)          1;0  0.1221 (0.04)          5           1
------------------------------------------------------------------------------------------------------------------------------------------------------------------------------------------------------------------------------------------------------